                                                                                
      sq(ucal), sp, sv(ul) =  0.80 0.0024 0.015
      Active volume V0(ml) =   1.40

 Initial concs (mM) of titrant and macrom:    2.000E+00  1.000E-01

     K(M^-1)  Delta H (cal/mol)    n   
   5.60000E+03   7.65000E+03   9.75000E-01
 Standard errors
   2.29056E+03   3.79421E+03   3.32208E-01

 Variance-Covariance matrix (K in 1/mM)
   5.24666E+00  -8.64159E+03   7.47067E-01
  -8.64159E+03   1.43960E+07  -1.25574E+03
   7.47067E-01  -1.25574E+03   1.10362E-01

 Correlation coefficients and relative errors
   4.09028E-01  -9.94331E-01   9.81766E-01
  -9.94331E-01   4.95975E-01  -9.96250E-01
   9.81766E-01  -9.96250E-01   3.40726E-01

 Calculated concs(mM), f, qs & sigs(ucal)
   #  v(ul)     [X]0       [M]0      [MX]     f(conv)    q     sig     wt
   1  10.00  1.429E-02  9.929E-02  4.856E-03  0.050    52.00  0.81    1.51    
   2  10.00  2.847E-02  9.858E-02  9.312E-03  0.097    48.10  0.81    1.52    
   3  10.00  4.255E-02  9.787E-02  1.339E-02  0.140    44.43  0.81    1.52    
   4  10.00  5.653E-02  9.717E-02  1.713E-02  0.181    41.01  0.81    1.53    
   5  10.00  7.042E-02  9.648E-02  2.054E-02  0.218    37.83  0.81    1.54    
   6  10.00  8.420E-02  9.579E-02  2.365E-02  0.253    34.89  0.81    1.54    
   7  10.00  9.788E-02  9.511E-02  2.649E-02  0.286    32.19  0.81    1.54    
   8  10.00  1.115E-01  9.443E-02  2.907E-02  0.316    29.70  0.80    1.55    
   9  10.00  1.250E-01  9.375E-02  3.142E-02  0.344    27.42  0.80    1.55    
  10  10.00  1.384E-01  9.308E-02  3.356E-02  0.370    25.33  0.80    1.55    

 c (= Kx[M]0) =  0.560    
 Actual titration range (Rm) =     1.49
 Total q(ucal) =   372.90

 Initial concs (mM) of titrant and macrom:    5.000E+00  1.000E-01

     K(M^-1)  Delta H (cal/mol)    n   
   5.60000E+03   7.65000E+03   9.75000E-01
 Standard errors
   3.89445E+02   8.54580E+02   9.13718E-02

 Variance-Covariance matrix (K in 1/mM)
   1.51668E-01  -3.25353E+02   3.41257E-02
  -3.25353E+02   7.30307E+05  -7.78022E+01
   3.41257E-02  -7.78022E+01   8.34880E-03

 Correlation coefficients and relative errors
   6.95438E-02  -9.77587E-01   9.59011E-01
  -9.77587E-01   1.11710E-01  -9.96385E-01
   9.59011E-01  -9.96385E-01   9.37146E-02

 Calculated concs(mM), f, qs & sigs(ucal)
   #  v(ul)     [X]0       [M]0      [MX]     f(conv)    q     sig     wt
   1  10.00  3.571E-02  9.929E-02  1.154E-02  0.119   123.61  0.87    1.31    
   2  10.00  7.117E-02  9.858E-02  2.106E-02  0.219   102.84  0.85    1.38    
   3  10.00  1.064E-01  9.787E-02  2.888E-02  0.303    85.35  0.84    1.43    
   4  10.00  1.413E-01  9.717E-02  3.530E-02  0.373    70.95  0.82    1.47    
   5  10.00  1.760E-01  9.648E-02  4.058E-02  0.431    59.23  0.82    1.50    
   6  10.00  2.105E-01  9.579E-02  4.493E-02  0.481    49.75  0.81    1.52    
   7  10.00  2.447E-01  9.511E-02  4.854E-02  0.523    42.08  0.81    1.53    
   8  10.00  2.787E-01  9.443E-02  5.154E-02  0.560    35.86  0.81    1.54    
   9  10.00  3.124E-01  9.375E-02  5.405E-02  0.591    30.79  0.80    1.54    
  10  10.00  3.459E-01  9.308E-02  5.615E-02  0.619    26.62  0.80    1.55    

 c (= Kx[M]0) =  0.560    
 Actual titration range (Rm) =     3.72
 Total q(ucal) =   627.09
